11.95
56.71
10.78
08.03
5.31
16.77
10.79
7.54
5.92
02.06
16.76
11.07
10.14
4.37
47.54
5.22
2.58
1.87
30.25
6.73
1.97
9.75
6.28
17.92
500
50
50
25
25
10
10
13.41
11.71
24.68
14.93
14.24
16.74
18.42
29.65
10.04
6.4
2.12
24.13
18.7
4.15
10.02
15.57
14.52
11.19
24.6
17.75
5.62
7.72
10.32
16.21
26.14
12.57
17.02
4.51
18.67
18.14
6.43
8.7
18.26
10.62
14.26
300
40
40
25
25
300
40
40
25
25
0.5
180
50
50
1280.9
19.63
57.37
22.1
38.35
4.54
33.93
17.72
29.65
14.64
18.98
13.34
11.1
29.95
5.76
27.78
79.99
18.1
42.03
14.52
40
25
300
15.56
24.91
52.24
26.78
33.26
43.35
15.45
26.79
13.5
37.1
16.16
45.03
50
50
180
126.39
44.28
18.12
30.77
59.28
24.65
19.04
113.18
27.14
32.12
48.29
25.51
10.68
21.87
45.97
57.6
1.14
14.12
7.82
6.28
24.77
500
50
25
50
25
10
10
2
105.19
40.3
13.13
28.24
14.07
8.66
14.63
5.41
31.96
6.3
21.3
19.51
12.24
13.28
16.75
23.58
29.87
21.14
23.19
96.53
18.11
11.44
9.83
11.79
16.69
11.91
12.38
6.94
9.78
72.92
8.42
17.78
16.8
27.44
15.56
27.25
14.4
11.56
12.9
22.63
17.5
500
50
50
25
25
10
10
42.07
20.92
30.5
47.65
16.64
29.34
27.57
48.74
16.92
22.96
14.14
09.01
13.8
14.83
31.01
6.36
8.14
21.72
10.12
12.58
35.71
14.07
37.89
15.69
56.18
67.21
300
40
40
25
25
72.67
28.28
59.22
08.04
45.01
39.68
24.35
20.68
36.91
10.66
16.15
23.56
10.69
20.17
43.77
36.21
23.98
31.64
34.19
17.46
15.04
23.66
15.9
26.68
11.12
12.31
34.76
12.94
9.43
11.85
14.01
10.28
12.13
24.73
12.71
13.57
8.58
10.46
19.22
17.82
19.91
9.5
06.01
27.21
03.09
50
50
25
25
10
10
500
9.55
20.51
21.14
9.54
14.79
30.45
21.18
9.72
18.38
4.41
07.08
10.18
5.14
3.21
16.05
7.35
14.11
9.74
9.67
16.08
16.64
12.24
12.45
7.85
19.32
16.54
15.48
23.12
13.45
12.81
7.33
14.54
53.11
14.24
17.47
19.24
8.83
5.28
11.14
15.9
15.93
8.65
8.98
14.31
6.15
13.57
18.76
13.04
7.45
9.82
9.5
4.95
18.17
13.77
1.12
500
50
50
25
25
10
10
11.51
2.97
14.62
16.81
9.12
7.11
6.14
5.43
9.11
3.92
9.75
01.05
10.37
9.29
9.35
11.87
5.25
5.52
17.62
5.52
15.04
12.34
12.14
17.15
18.66
12.97
08.08
7.17
7.36
24.11
10.13
11.93
10.94
9.25
6.52
10.6
9.98
4.36
16.24
6.36
13.91
13.02
12.88
7.78
13.63
20.68
6.44
4.11
10.65
21.05
11.79
15.63
8.29
6.14
10.58
9.5
7.38
6.78
300
40
25
40
25
6.5
16.8
23.94
18.06
12.15
12.15
24.7
11.72
8.49
11.99
2.99
4.79
16.25
14.6
6.49
11.76
20.33
4.27
21.56
23.87
13.9
36.44
28.55
13.82
07.01
17.57
23.4
9.34
180
50
50
16.18
100.16
22.24
5.6
5.14
15.76
18.09
20.39
13.92
6.86
18.17
9.45
9.39
8.88
16.26
16.63
17.95
09.02
9.59
7.38
12.58
24.79
10
13.49
18.59
20.18
24.75
10.18
11.6
20.18
20
20.22
30.76
9.5
10.88
14.48
13.24
17.53
40
40
25
25
300
15.77
20.84
16.68
13.73
13.24
13.8
10.92
10.56
8.67
17.36
9.65
8.78
23.94
11.52
10.19
7.88
16.46
16.71
11.92
9.57
13.4
10.33
7.12
7.51
12.89
18.22
2.84
11.82
21.2
9.64
12.54
15.63
9.77
18.77
12.4
13.7
7.49
4.87
16.25
23.58
17.74
15.52
5.27
10.35
18.59
18.29
12.45
5.36
10.52
14.31
14.35
10.53
9.41
14.25
6.17
50
25
120
7.22
12.78
13.82
9.79
14.18
20.59
34.1
3.97
19.87
10.25
15.87
11.05
14.06
14.37
75
50
13.97
9.44
11.4
20.5
13.31
21.97
8.47
33.36
9.6
11.53
36.36
8.33
8.81
11.65
18.75
12.7
10.13
7.12
19.74
15.63
7.56
50
50
180
14.95
27.37
24.97
15.17
6.33
45
19.6
15.37
20.59
18.42
14.55
7.8
5.23
7.9
8.6
8.23
6.94
40
40
25
25
300
19.45
19.45
20.84
10.39
2.9
20.32
13.49
10.65
12.27
23.15
10.28
9.86
17.44
9.13
13.05
29.12
10.61
26.22
8.54
10.34
3.67
100
13.87
12.81
9.77
2.61
10.32
8.34
500
50
50
25
25
10
10
8.64
11.27
16.01
11.33
11.59
12.94
18.54
20
25
42.09
25.69
12.75
24.79
10.81
9.75
7.91
12.24
20.33
25.79
16.34
23.07
12.07
7.4
10.77
14.93
26.47
9.93
17.15
10.43
9.55
7.27
13.79
8.88
07.01
8.14
8.93
9.12
9.93
2.37
300
40
40
25
25
8.4
5.72
8.24
13.98
14.07
16.31
8.78
1.77
10.13
7.19
17.36
13.17
16.49
10.97
6.95
12.38
4.62
4.94
20.4
6.35
8.14
9.59
6.19
15.57
9.7
7.49
13.02
8.33
11.65
8.61
7.25
7.42
180
50
50
22.95
22.48
14.46
7.63
15.4
4.73
16.06
11.02
12.6
11.54
8.6
8.11
7.23
17.93
15.24
8.36
8.64
10.25
04.09
7.26
8.48
10.99
15.59
11.6
10.38
6.15
8.23
10.34
9.98
07.09
6.43
11.4
14.34
17.05
7.96
7.11
10.05
12.79
10.61
11.39
14.11
8
5.91
6.64
12.35
8.95
500
50
50
25
25
10
10
14.52
14.66
10.17
16.12
9.34
11.24
12.57
6.89
14.34
5.39
10.61
3.84
13.33
23.08
6.34
12.11
19.86
8.83
3.57
5.56
7.85
10.52
14.48
5.89
9.45
08.08
5.91
6.9
9.59
6.77
05.09
6.8
6.34
11.35
8.92
12.11
5.49
9.95
3.1
10.46
9.43
12.39
12.89
3.38
12.19
11.5
40.95
500
50
25
10
50
10
25
18.92
8.96
15.39
16.59
9.65
25.1
11.78
10.39
28.64
10.56
15.63
20.43
10.66
8.9
13.84
14.15
19.08
14.83
11.57
6.88
15.66
16.18
20.95
19.43
500
50
50
25
25
10
10
11.82
19.25
26.96
30.08
11.48
16.67
13.08
16.41
12.44
08.02
9.61
7
19.32
23.91
24.66
17.63
19.66
146.2
27.18
23.76
25.75
50
50
25
10
25
10
500
23.6
364.9
8.61
119.08
12.5
500
50
50
25
10
25
10
93.2
52.48
12.62
358.83
13.64
9.42
12.12
500
50
50
25
25
10
10
172.76
5.94
33.29
57.03
1.74
31.23
39.19
2
44.24
49.36
75.08
52.06
37.49
33.16
24.71
33.93
11.82
500
50
50
25
25
10
10
6.54
61.28
32.49
38.8
34.19
30.78
23.02
49.26
54.23
15.5
20.52
20.39
8.57
114.8
1.77
28.62
33.21
50
50
25
25
10
10
500
47.02
21.27
30.49
52.68
38.69
25.87
15.95
5
29.06
13.59
15.59
17.77
12.33
20.56
9.93
0.25
0.25
0.25
0.25
0.25
0.25
0.25
0.25
0.25
0.25
0.25
0.25
0.25
0.25
0.25
0.25
0.25
0.25
14.26
0.25
0.25
14.06
500
50
50
25
25
10
10
38.9
28.91
11.48
27.73
16.1
28.37
18.71
25.58
11.95
12.39
18.75
10.76
8.4
7.38
0.2
0.1
0.2
0.1
0.2
0.1
0.2
0.1
0.2
0.2
0.1
0.2
0.1
0.2
0.1
0.2
0.1
0.2
0.1
0.1
0.1
0.1
0.1
0.1
0.1
0.1
8.38
0.1
0.1
6.82
4.64
7.14
08.03
3.74
2.92
7.35
10.48
12
14.46
8.73
7.38
8.58
7.48
4.99
500
50
50
25
25
10
10
16.8
11.08
14.15
10.17
15.94
8.3
4.15
11.02
10.06
8.64
8.92
9.9
7.13
8.32
10.48
50
25
04.06
125
12.36
4.45
6.75
15.41
11.34
13.37
19.12
18.14
16.23
12.29
8.7
6
12.15
4.97
7.58
11.38
2.99
16.5
10.77
18.68
9.44
7.36
11.85
17.44
7.94
10.18
12.14
9.67
11.51
9.69
11.16
10.04
18.56
500
50
50
25
25
10
10
12.85
18.74
13.55
9.88
4.27
4.86
13.22
6.35
3.41
10.36
5.25
15.27
30
25
14.34
10.75
6.51
16.17
06.05
12.68
10.29
9.66
30
25
11.74
4.97
25.36
8.78
11.91
10.13
8.23
9.72
18.37
8.29
09.03
5.39
6.22
16.9
12.09
10.72
12.34
11.37
9.34
10.84
18.4
15.52
500
50
50
25
25
10
10
13.86
9.82
13.12
8.5
7.91
21.18
8.19
6.93
6.3
88.29
10.8
17.24
14.38
16.72
13.62
8.41
7.44
8.21
7.37
10.38
18.74
7.61
19.19
13.14
8.59
500
50
50
25
25
10
10
17.37
7.46
7.26
10.29
11.65
8.98
6.62
4.43
9.97
10
8.27
10.02
10.06
13.03
8.13
11.72
9.3
11.68
4.87
12.93
15.25
7.89
11.49
11.76
05.02
50
180
50
50
6.22
9.11
9.77
5.78
13.63
7.47
6.67
11.84
10.55
11.18
14.58
13.15
10.08
6.4
8.25
6.96
7.4
8.63
5.1
12.86
9.34
7.8
9.24
10.41
6.79
5.68
09.03
6.16
20.02
11.49
6.71
5.68
8.82
8.92
6.61
6.49
12.84
6.76
10.89
7.39
08.09
9.71
8.65
06.04
13.59
9.82
4.58
12.01
8.17
5.91
50
9.16
5.35
10.91
6.93
6.24
3.39
8.52
4.61
500
50
50
25
25
10
10
16.41
7.13
9.64
11.73
9.77
8.42
4.78
9.24
23.8
8.52
8.55
13.02
17.33
9.78
6.91
7.86
13.66
12.56
15.09
12.39
9.1
7.51
9.45
12.43
10.18
9.91
11.2
08.03
9.88
6.32
5.3
7.54
3.49
50
8.41
7.58
8.33
180
50
50
9.33
13.94
11.83
7.7
12.94
9.18
15.96
7.32
50
7.73
9.29
7.34
9.5
6.82
10.35
10
8.73
6.84
4.97
50
25
7.6
6.62
9.55
13.95
13.83
8.47
9.34
13.64
10.54
12.69
6.88
4.7
9.92
5.37
7.39
6.67
2.63
1.67
12.92
5.68
9.46
5.56
5.66
11.62
10.22
9.43
04.01
3.62
5.87
05.08
4.45
5.86
8.77
6.74
20
300
40
40
25
25
8.8
10.93
5.81
6.88
7.33
5.13
11.47
8.89
9.54
11.67
11.89
0.2
0.2
0.2
0.2
0.2
0.2
0.2
0.2
0.2
0.2
0.2
0.2
0.2
0.2
0.2
0.2
0.2
0.2
5.16
0.2
0.2
0.2
0.2
0.2
0.2
0.2
5.45
6.19
1.8
5.26
1.46
7.23
7.37
6.46
7.13
8.49
5.81
4.98
4.84
1.52
12.92
10.02
